101100110 -110101011
-100110110 1101011100
1001100001 -11001001
110010 -1110100101
1101010 -110000100
-1001 1111011001
-101101001 100111011
-1011 100100000
1110110111 -100100
-1001101101 111011
-1011001010 1101100001
1011110001 -1000110110
101110101 -111100100
-1100100110 11111000
-1001100101 10011101
1001110000 -100010101
-1001111011 1000101110
-1100100100 1111000000
-110010011 1110010001
-1010011101 1111100000
100000001 -1101111010
-100110100 1100011
-1110101110 101110100
-1011111 10110110
-1111001001 1100010010
101001011 -1000011
1011100 -1001101000
-110110111 11000111
1001100010 -110001000
1100111110 -1110001001
1001001000 -10
1011111001 -1011110011
-110100010 101100001
111110111 -1101001111
-1011011011 1110100100
1100010101 -100110001
-1000001101 100011101
-1110000110 110101
1001000010 -1110100000
10111100 -1000111101
-1001000110 1000110111
100011010 -1001010000
1000100010 -100100011
-111110011 1001101100
-1101100001 110011001
-1111 1010001001
-110001110 1010000001
10 -1100010
-1000001000 1100110010
11111111 -1100110010
-100100111 1100011010
100110000 -110110111
-10011110 100010001
1011100100 -110100
1 -10001001
-100110110 11111101
1110000001 -1111000
1101100011 -1011110010
-10001111 1011101011
11010100 -1010000100
-10110011 1010011111
1100111110 -1100111101
-110000110 1001101110
1110111001 -111110000
1101110110 -1001111111
-1011110100 10111
-1001000100 110000
1011011011 -110111
-1111011001 1110100110
1001100110 -100100001
1010111011 -101100100
1011101001 -110111
1010100100 -1100111110
-110110011 1100000010
1001011101 -100010101
-11011110 1101000111
10101101 -1001111011
-111101010 101110000
1100111101 -101110100
1110111001 -1101000000
111000111 -1100001101
-101111010 1010010011
1000111101 -100101010
1100111001 -11110
11010100 -101000
1100010010 -1110111011
-1011100011 110011101
-1100111101 1101001110
-110100010 1111010110
-100000011 111001001
-1101001001 101011000
1100011 -100101011
-1101011010 1100101001
1011101011 -1100110100
-1101001000 1011110101
1010010011 -1011001001
10001011 -1010101011
110011110 -100110001
-1000111 1110001000
-1011111001 1101101111