1
1
100
10
1
10
1
1
1011
1
1
1
1
10
1
1
1
1
11
1
1
111
10
1
10
1
1
1
1
100101000
1
11
1
1
1
1001
1
1
100
10
10
1
1
10
1
10
10
1
1
1
1
1
1
100
1
1
1
10111
101
100
1
1
11
1
10
11
1
1
111
1
1
1
10
1111
1
1
10
10
10
110
10
1
10
10
1
1
1
1
1
1
10
1
11
1
10
1
100
110
100
1
100
11
1
1
111
1
1
1
1
1
11010
100
101
101010
1
1
1
10100
11
1
1000
1
101
10
1
1
101
11
1
1
100
1
100
1
11
1
10
11
1
10
1
10
1
11
1
101
1
1
1
1
1
11
11
11
11
1
1
111
1
1
10
1
1
1
1
1
110
111
1
10100
1
110
11
10
11
10
11
1
1
1
1
1
10
1
1
10
1
1
1
10
1
1
1
10
1
101
1
1
1
11
1
101
1
1
101
1
1
1
1
101
101
1
1001
1
10
1
1
1
1
10
1
1
110
10
110
1
1
1
10
1
11
1
11
1
10
10
1
1
1
1
1
1
1
1
1010
100
1
1
1
111
1
1
1
10010
1
10
10
1
1
10
10
10
1
1
1
1
10010
1
1
1
1
100
1
1
1
11011
1
1100
100
1
1
1
1
100
111
1001101
1
100
1
1
11110
10110
1
10
10
1
10
1
1
1
